10001946
10021299
10027100
10032755
10034020
10037745
10041353
10042793
10043052
10059768
10063280
10065283
10082779
10103782
10117746
10120130
10132369
10133899
10139264
10139699
10143251
10149360
10152752
10155783
10166641
10179222
10180994
10182491
10187858
10187913
10189444
10189831
10202756
10203948
10209167
10218133
10222958
10240440
10240583
10254604
10265184
10267941
10274762
10276470
10276472
10279796
10284417
10284646
10289766
10293912
10296175
10297380
10297400
10297401
10297402
10307870
10319606
10329071
10332698
10347006
10347411
10358973
10365998
10366001
10373981
10374281
10374913
10374922
10380569
10380604
10396721
10400819
10401015
10409375
10413020
10421407
10424356
10434248
10441075
10448525
10451333
10451876
10453292
10464239
10464573
10476435
10479337
10482559
10484796
10485786
10485789
10494884
10499644
10502110
10506263
10512255
10524045
10528672
10536923
10558373
10564769
10565877
10566382
10567069
10569170
10576665
10577376
10578102
10590044
10596456
10599679
10602712
10603001
10603002
10610674
10620231
10642944
10649987
10650783
10656092
10662933
10669397
10677710
10678045
10690183
10692235
10692771
10712530
10724054
10729073
10739357
10739358
10741053
10757154
10760614
10760993
10763481
10768423
10775219
10796511
10802555
10825391
10833098
10839347
10844351
10859540
10865908
10883710
10894152
10901533
10906314
10934171
10935438
1093657
10937542
10956667
10964036
10987962
11006078
11016485
11025141
11025690
11043179
11058680
11063140
11073727
11081624
11116181
11137127
11137423
11137665
1114849
11157098
11159624
11159706
11179235
11189058
11194550
11196343
11202747
11215629
11218169
11218172
11229856
11230689
11253885
11264527
11272975
11325094
11325753
11329139
11329983
11329984
11330907
11334954
11335554
11349551
11350164
11376027
11382885
11421192
11451683
11481747
11515003
11522272
11529387
11530462
11533609
11533621
11566057
11566880
11570299
11592855
11598253
11599391
11601928
11610912
11611293
11614023
11626167
11641194
11654925
11661110
11662315
11676298
11696811
11720111
11724631
11733295
11745886
11760020
11795121
11805191
11805484
11815525
11854002
11860939
1186706
11868715
11883673
11886754
11891354
11907216
11909693
11915237
11916849
11917528
1192115
11930489
1193306
11933670
11944710
11952729
1196378
11971117
11975337
11988771
11998487
12001556
12004002
12050722
12051716
12060916
1207704
12090041
12093772
12094802
12095954
12101455
12122576
12122644
12122647
12128630
12130327
12137343
12142295
12160814
12169631
12178888
12191071
12197799
12203906
12224645
1223362
12233892
12238378
12238959
12239273
12244556
12260195
12265459
12267325
12271150
12275122
12275350
12283283
12283407
12299454
12301674
12308766
12311133
12322570
12340298
1234171
12344672
12350425
12356223
12366374
12371460
12371598
12377547
12379195
12382711
12399387
12412322
12413991
12418248
12459796
12477079
12483353
1250089
12543297
12554395
12568587
1257975
12589229
12595158
1260766
12628780
12633178
12643805
12645675
1264956
12668693
12692091
12712368
12715479
12719798
12723964
12746675
12817398
12846132
12858912
12859920
12865996
12901584
12915913
12918676
12924185
12936541
12944706
12978004
12982738
12991763
12995004
13004472
13016855
13040222
13044666
13056367
13069062
13069739
13087598
13110214
1311630
13123478
13135051
1313516
13136710
13153381
13153396
13157698
13180791
13184982
13197808
13197858
13200001
13211508
13214987
13218334
13244433
13291061
13296846
13306930
13330534
13354875
13367962
13384238
13384447
13422523
13426216
13437185
13438577
13439233
13456460
13525892
13527180
13534114
13566942
13568913
13576662
13577172
13578301
13581370
13601231
13602962
1365699
13689587
13702209
13754948
13755525
1376314
13779153
13792273
13832848
1384818
13867921
13868200
13870414
13875349
13878621
13882614
13882648
13919860
13925460
13925470
13929616
1394254
13948021
13959001
1395943
13962947
13973607
13978347
13978563
13985636
1398932
14008551
14024150
1407731
14119232
14143205
14143451
14143455
14149942
14159703
14178439
14192682
14200834
14204280
14213651
14217451
14225811
14228572
14232788
14232804
14234085
14242936
14248999
14285125
14306166
14318309
14326067
14342518
14350524
14367734
14368081
14369127
14372129
14378403
14378412
14378429
14408344
14461434
1448118
14483402
14512668
14514398
14537179
14542964
14553449
14566219
14569346
14575617
14616121
14620831
14664268
1482055
14858219
14884812
14902965
14903165
14904129
14911184
14939699
1494271
1494278
14958594
14962945
14980255
15017752
15020090
15024233
15047020
15075036
15094988
15097822
15097823
15122144
15172299
15177751
15204093
15210762
15215092
15215139
15233723
15236752
15295723
15307346
15328647
15330947
15350098
15352936
15353458
15355046
15358550
15364192
15373988
15431870
15432105
15434673
15445537
15449187
15460019
15462031
1548735
15507983
15510261
15519726
15533296
15547434
15570187
15581081
15594861
15597260
15598007
15615236
15615815
15638246
15655410
15686375
15686389
15687644
15713885
15735157
15747555
15776904
15777096
15778281
15786745
15801465
15803830
1580509
15814667
15860162
15867401
15886844
15914032
15928377
15952999
15971987
15978913
15986286
16000486
16003273
16009652
16017101
16071829
16080417
16110127
16125447
16179849
16180764
1620050
16212173
16220762
1625205
16274096
16311048
16335931
16368293
16375869
16385740
16398951
16430487
16436874
16484767
16505095
16539595
16577305
16616790
16641478
16668746
16673490
16680876
16681490
16685806
16700964
16713332
16730269
16758124
16790674
16820075
16829506
16843484
16844789
1685454
16862016
16866205
16879951
16903065
16925931
16942684
17005173
17022741
17026529
17027648
17036346
17039815
17041891
1704712
17094425
17113297
17118519
17137149
17138412
17142990
17165292
17174762
17176357
17180833
17217656
1723098
17231901
17275455
17289039
17312300
17428208
17433359
17434548
17434980
17447570
17453551
17462767
17463257
17480599
17483359
17519600
17541833
1757799
17578860
17586810
17599593
17608431
17612488
17636375
17661081
17664517
17664611
17670037
17671630
17675069
17675369
17683529
17694728
17702577
17717619
17740947
17754701
17771020
17778474
17778535
17778561
17784803
17790142
17811911
17850329
17850962
17904248
17915493
17927661
17929247
17931874
17931939
17932686
17955866
17960864
17968455
17968561
17968562
17972988
17977737
17979996
18024759
18110149
18119258
18138333
18151268
18172711
18190633
18196206
18197397
18206675
18209572
18212765
18222229
18222425
18222465
18241337
18289464
18322001
18322002
18330533
18338895
18345078
18393046
18402185
18421470
18429903
18435110
18437071
18442569
18442794
18449262
18450899
18458588
18459032
18467440
18476667
18491829
18499673
18526112
18534166
18535278
18572447
18612588
18639829
18711330
18712148
18719831
18735301
18748018
18762626
18812655
18828154
18828343
18828406
18828669
18830514
18854690
18855419
18856388
18876935
18897551
18908151
18958972
18967730
18976860
18985341
18985344
19000216
19009393
19022311
19025343
19047660
19052365
19057564
19057676
19057686
1906135
19064944
19065748
19071391
19074484
19077666
19079013
19087710
19096559
19099637
19105116
19111472
19119221
19120216
19121484
19134238
19141608
19141613
19145119
19148103
19166188
19175291
19178208
19195834
19197406
19212501
19213725
19228172
19229819
19237273
19241010
19250947
19257531
19263572
19265214
19265451
19288797
19312245
19314728
19315886
19316041
19329370
19371289
19395246
19400737
19401187
19401541
19412030
19414715
19443456
19444024
19465586
19500281
19516555
19539640
19574858
1966695
2030784
2070037
2075162
2117231
2239290
2252790
2258736
2277478
2328904
2334654
2355570
2386438
2397239
2406631
2436088
2453569
2527977
2632737
2642258
2745883
2790140
2795387
2795732
2795744
2796662
2802563
2804602
2836033
2836278
2836289
2836343
2849942
2878087
2878090
2881966
2882094
2882107
2882795
2908574
2909912
2923661
2927933
2927986
2928382
2951625
2954001
2973329
3002450
3006889
3007055
3007057
3010079
3010552
3015492
3031949
3032996
3043344
3044454
3048203
3048882
3055283
3055286
3059063
3064249
3078507
3109535
3116845
3151453
3181895
3184672
3191576
3191936
3192082
3195219
3197797
3198216
3201293
3204518
3205677
3206878
3223856
3224690
3225787
3229034
3235601
3239812
3248994
3248995
3252018
3252127
3252925
3253862
3253974
3255163
3266556
3289569
3337885
3342155
3375117
3398071
3402174
3402517
3402877
3403549
3428075
3450024
3493255
3521453
3542092
3551010
3555557
3566618
3576399
3578239
3579303
3586011
3622213
3628411
3633166
3649612
3653289
3657019
3671002
3677016
3682309
3718584
3723665
3729477
3735223
3735227
3744010
3747857
3747862
3750260
3752676
3755467
3761463
3765334
3768454
3770142
3772099
3780198
3782354
3783137
3783254
3785604
3796613
3808481
3822274
3826733
3827624
3829707
3830513
3841358
3851984
3853725
3858843
3859254
3875286
3880968
3888928
3903130
3903145
3912465
3912839
3921270
3939628
3942588
3943966
3946210
3951553
3958318
3960182
3967205
3968202
3968286
3969420
3969469
3971166
3971898
3972391
3973123
3977086
3981705
3981920
3982250
3987636
3991206
3991939
3993962
3996900
3998667
3999345
4003023
4008529
4027222
4029951
4030699
4034066
4035120
4035987
4043896
4043955
4054164
4054576
4055408
4061787
4061842
4061848
4062947
4064327
4064328
4066335
4069110
4071163
4072160
4072168
4073694
4075978
4076114
4076581
4080627
4081318
4084509
4086102
4087434
4091127
4092098
4093785
4095282
4095439
4098732
4099017
4099019
4100353
4101744
4102639
4102914
4102924
4102926
4106141
4106678
4107915
4109924
4110897
4113381
4115109
4115286
4115314
4115403
4115657
4120948
4121819
4122701
4125746
4127786
4138712
4142183
4144240
4146524
4158914
4163858
4166314
4166347
4169661
4169766
4170133
4170231
4174553
4175396
4177953
4178107
4179289
4180659
4184102
4185230
4187329
4188264
4191682
4193520
4193576
4198779
4201556
4206492
4211108
4211318
4214777
4220556
4228872
4229437
4231746
4235641
4236552
4236783
4247319
4247487
4250072
4250774
4252810
4253150
4253274
4259074
4260497
4264954
4265206
4265374
4267033
4270946
4276274
4277377
4280450
4280747
4287317
4287969
4287972
4297003
4297990
4298171
4298392
4298900
4300698
4307516
4310187
4316355
4318315
4321972
4325517
4326540
4326785
4326796
4327246
4328705
4328787
4331323
4334551
4336052
4337615
4349479
4352386
4352401
4354243
4356524
4357619
4360460
4360577
4367750
4367755
4372912
4374547
4375932
4377027
4381133
4383188
4384966
4388342
4391391
4391713
4393591
4401967
4404152
4404634
4405579
4410103
4416536
4417539
4417775
4421469
4426020
4426529
4430278
4433631
4435751
4440665
4441578
4443746
4446472
4452783
4455872
4458588
4458816
4462501
4468981
4474267
4474960
4475357
4475810
4475817
4475914
4477037
4483947
4484272
4485044
4486355
4488466
4503594
4503684
4504159
4505727
4507081
4507501
4512203
4516427
4517360
4517768
4520099
4525109
4527573
4536095
4536098
4536135
4536527
4540680
4555396
4555432
4565690
4566143
4567741
4569386
4578034
4584683
4585004
4587755
4588485
4600512
4615668
4618279
4620483
4621702
4624082
4624646
4625030
4625296
4628740
4629650
4629676
4630715
4631707
4631737
4631936
4637055
4647612
4649764
4650160
4650866
4652320
4659689
4664997
4665503
4667570
4667571
4668186
4669319
4676705
4677086
4685716
4686092
4686290
4686841
4686973
4690637
4696891
4701051
4701081
4701476
4705412
4711917
4714960
4715934
4718681
4720423
4722622
4723766
4725186
4731013
4733692
4734556
4742632
4743030
4746006
4746616
4746827
4752884
4752955
4752974
4753033
4754642
4758994
4758995
4758996
4758998
4761171
4762563
4762840
4762901
4763033
4763566
4764971
4766692
4771100
4779363
4782219
4786800
4787823
4795203
4797147
4802711
4803008
4803026
4805810
4806540
4808598
4808636
4809704
4812501
4812937
4819095
4820085
4820087
4820792
4820860
4820894
4821001
4822903
4823675
4824102
4824376
4830205
4831595
4834310
4834394
4835048
4835145
4835653
4838817
4840557
4842912
4848329
4849156
4852048
4852196
4852386
4852428
4858702
4860327
4860360
4863390
4867783
4869200
4874605
4874691
4876793
4879243
4881790
4884231
4888601
4892794
4908398
4909362
4909661
4912719
4913136
4915342
4917410
4918289
4918915
4918990
4923085
4924166
4927691
4927778
4927830
4927916
4928298
4929171
4932605
4933885
4934252
4934300
4934325
4934451
4935621
4937562
4938039
4938041
4938143
4945115
4945152
4945564
4957256
4958035
4960966
4961377
4961730
4962631
4968974
4968976
4971969
4977391
4978281
4979265
4979398
4982608
4990396
4991867
4993133
4994033
4995313
4995551
4995582
5001110
5002597
5005489
5008849
5009679
5013939
5017793
5020113
5020677
5025835
5025971
5026735
5027419
5027579
5027804
5032945
5034331
5039427
5039430
5039464
5039830
5043041
5043693
5043939
5044783
5044880
5045513
5046013
5046691
5049371
5054244
5054337
5054882
5055612
5056238
5058121
5058448
5058456
5059773
5062260
5075506
5076783
5077071
5083983
5084543
5085290
5088105
5090295
5091093
5091944
5092969
5094184
5095967
5098233
5100050
5102621
5102666
5104198
5104207
5105170
5105171
5109148
5111194
5111602
5112148
5112295
5118038
5119234
5120398
5120782
5121708
5121709
5122488
5126756
5127142
5127897
5129542
5133776
5137343
5138009
5138025
5139017
5144822
5146014
5146513
5149701
5149817
5155383
5156514
5157561
5161878
5168872
5170430
5176992
5190557
5197680
5198161
5199345
5199348
5199734
5200018
5203928
5207159
5210321
5213588
5214129
5214258
5215496
5219646
5224772
5224775
5230322
5233246
5234901
5234995
5235140
5235749
5236004
5237061
5237409
5240978
5241131
5242416
5243470
5243966
5243967
5244183
5246497
5247395
5259279
5259696
5259820
5263540
5264773
5264819
5265952
5266698
5267292
5268904
5270509
5270710
5272059
5272144
5272449
5272499
5275548
5275558
5277920
5279959
5281201
5281317
5281722
5282313
5285699
5286329
5286335
5286408
5286840
5287067
5287549
5290385
5301313
5302698
5307769
5308471
5308790
5319079
5319975
5320309
5321849
5322395
5324494
5327175
5327405
5329232
5329489
5330444
5336511
5336519
5337311
5342233
5354705
5355345
5362468
5363310
5363777
5365067
5365159
5365264
5365843
5366414
5372085
5372874
5373221
5377994
5378939
5379293
5380815
5384345
5384807
5386643
5387990
5390831
5390906
5391530
5399927
5402311
5404698
5408343
5408565
5415932
5418386
5419087
5419512
5422227
5422532
5426332
5426862
5445271
5445889
5446310
5448762
5449220
5449862
5449978
5449979
5450247
5454642
5461519
5465259
5469414
5469855
5473746
5476215
5476886
5480460
5487535
5489581
5489791
5495784
5498717
5524393
5525939
5528082
5530403
5530805
5530852
5531137
5533595
5535834
5537371
5538052
5541801
5542106
5544511
5544592
5552821
5559192
5561837
5562215
5564214
5564618
5565597
5572845
5575180
5575183
5582269
5583008
5588600
5592324
5592472
5592480
5592550
5592722
5592996
5593247
5593548
5601705
5607541
5607633
5607638
5607746
5607842
5607843
5614852
5616113
5616344
5616659
5617275
5623650
5624052
5636772
5637269
5637675
5638240
5642852
5643935
5644201
5645691
5646064
5646648
5647311
5649310
5651774
5654013
5659241
5659539
5659683
5659762
5661526
5661894
5662331
5664098
5664268
5664973
5665027
5666735
5668618
5668813
5670489
5672247
5677047
5679352
5682778
5687575
5689478
5692314
5700006
5700362
5700598
5703074
5705772
5708641
5709147
5709262
5712759
5722178
5722270
5724210
5726503
5727573
5728970
5730260
5734826
5734860
5735332
5735797
5735993
5736011
5738160
5738763
5741499
5743316
5743565
5744399
5744674
5750454
5751012
5752735
5762406
5763037
5765769
5765841
5767766
5767780
5768171
5769275
5769277
5778809
5780296
5780428
5780947
5783005
5783890
5783897
5787712
5787902
5787914
5790229
5793442
5794173
5794185
5794189
5795439
5798452
5800037
5801600
5803352
5805075
5810240
5814501
5814817
5821412
5822553
5823102
5824027
5824200
5828446
5828658
5830140
5834179
5834300
5835776
5836547
5836829
5837792
5839030
5845556
5846666
5849627
5853202
5853591
5858303
5858668
5861494
5861646
5861677
5866161
5866166
5870956
5870995
5871095
5871941
5874457
5874530
5875604
5875758
5876893
5880047
5887170
5889065
5889459
5891312
5893833
5894719
5895293
5895500
5895507
5896119
5897553
5899154
5899380
5899411
5899444
5899980
5906057
5906562
5906570
5907334
5909445
5909597
5909906
5910817
5911022
5911032
5916196
5916822
5917637
5920168
5920251
5921853
5922608
5922611
5922612
5922697
5922885
5923464
5925191
5928847
5928853
5929371
5937705
5940168
5940601
5940673
5944591
5944608
5945586
5948862
5952302
5963930
5966051
5966426
5967720
5968298
5969884
5970015
5971076
5971272
5971782
5972845
5975320
5976357
5976547
5977027
5977044
5977259
5977446
5977451
5977466
5978068
5981450
5983702
5985883
5986037
5986369
5986562
5987613
5991362
5992835
5993657
5993797
5993983
5994138
5994917
5995551
5998004
5999372
5999690
6000212
6004992
6004994
6009677
6010494
6011521
6011935
6013746
6015601
6016058
6017626
6021745
6022672
6022725
6023066
6023125
6023186
6023214
6023230
6023332
6026018
6026024
6026115
6026265
6028882
6028973
6031105
6031628
6031759
6031852
6032390
6033893
6033990
6034883
6036317
6036405
6036689
6036729
6036767
6037663
6045311
6056835
6057470
6058634
6063029
6064352
6064390
6073477
6089265
6090553
6091308
6091675
6091706
6092987
6093981
6096727
6098134
6098180
6101321
6101640
6104271
6111023
6111160
6120162
6121081
6121235
6124801
6126428
6127670
6130554
6130563
6131040
6131498
6131985
6132958
6136733
6136809
6137847
6137853
6139287
6140551
6144268
6149407
6149966
6152666
6154864
6157128
6157780
6158065
6160913
6162033
6162075
6163664
6168208
6169091
6169415
6169980
6170036
6172615
6173223
6174200
6174376
6176986
6180850
6180852
6180875
6180878
6181418
6183979
6184756
6184970
6185023
6185053
6186660
6186804
6186870
6189366
6190919
6191592
6191848
6192604
6192865
6192895
6194297
6194547
6196141
6196265
6200794
6201061
6202770
6206783
6207648
6208341
6208364
6208370
6208378
6208679
6209372
6210099
6210539
6212635
6212787
6214600
6217071
6219674
6219763
6221596
6221599
6222452
6224477
6224481
6225149
6229423
6229483
6234308
6239526
6239530
6248163
6248395
6250104
6251102
6253656
6254910
6254921
6256028
6258017
6258092
6260865
6265621
6266646
6268585
6269218
6270176
6270961
6271205
6271212
6273544
6274530
6276953
6278315
6278377
6278417
6279154
6286172
6286856
6286880
6288325
6290488
6290571
6293201
6296546
6296583
6298201
6299800
6300536
6300730
6304743
6305180
6305182
6305857
6306106
6321916
6322573
6322770
6322930
6323038
6323152
6323329
6326656
6326729
6326759
6332248
6332458
6332727
6333117
6334247
6337125
6337137
6339836
6339933
6340062
6343765
6346273
6347087
6365313
6375446
6375601
6376290
6376548
6376622
6381258
6386617
6386945
6390394
6392111
6396298
6404362
6415254
6415879
6443771
6443849
6444540
6447192
6448027
6454995
6466912
6467038
6473115
6473351
6473756
6473935
6474635
6474956
6481488
6482670
6484271
6484608
6487447
6487448
6491262
6491680
6492172
6494150
6494246
6494273
6496862
6497102
6498482
6498978
6502987
6508916
6510829
6517457
6520282
6520287
6520291
6525470
6529445
6531534
6531894
6532830
6536356
6537844
6538595
6539145
6539555
6540516
6540568
6541461
6541976
6542675
6543304
6558231
6558516
6559510
6563941
6565156
6568122
6569084
6570397
6570423
6570978
6572850
6575923
6580029
6581258
6581713
6581851
6583018
6584127
6585371
6587240
6589178
6590463
6592713
6593841
6595522
6595525
6598792
6602046
6602692
6602701
6607345
6610559
6610613
6612065
6612514
6613016
6615524
6616303
6616505
6616510
6617458
6618021
6619899
6620643
6620646
6626951
6628413
6630026
6630764
6631332
6631723
6636882
6636888
6637129
6637176
6637255
6638853
6639328
6639949
6640137
6640862
6645702
6645709
6645780
6650629
6650888
6651462
6651624
6653108
6653255
6653840
6655813
6655819
6656000
6657815
6657828
6657843
6657926
6663650
6667056
6667247
6667248
6668581
6668636
6668673
6668756
6669087
6670611
6672214
6672261
6674153
6681948
6683940
6685033
6685102
6685127
6685128
6685170
6685179
6686349
6689667
6691025
6691524
6691552
6693998
6694251
6696973
6697886
6698389
6698754
6699601
6702583
6707413
6707941
6714623
6715271
6715495
6715779
6717255
6723161
6724076
6724650
6726913
6731488
6731632
6735339
6740121
6740323
6743386
6748729
6752467
6754822
6754828
6755008
6755042
6760565
6761148
6761262
6762612
6763104
6763241
6763255
6763585
6764075
6764077
6764369
6764461
6764503
6764510
6765700
6767028
6767071
6767257
6768270
6769803
6770222
6771556
6773016
6774215
6775928
6781638
6785539
6792550
6803085
6805184
6805546
6809424
6809725
6810370
6810939
6811064
6811522
6813641
6814365
6815819
6816203
6816874
6816957
6817428
6826587
6828721
6829148
6829196
6829268
6829857
6830439
6830723
6830930
6831185
6834372
6834553
6836640
6837008
6837536
6840435
6841043
6842253
6844806
6845778
6857385
6863736
6864475
6866323
6866742
6866750
6868663
6874731
6876441
6889425
6891907
6892454
6892463
6892464
6892658
6892856
6892977
6896177
6898186
6899007
6899946
6899951
6910238
6916309
6916673
6918284
6919297
6922959
6922963
6923039
6924362
6929588
6930345
6931055
6939330
6940172
6940475
6940550
6943191
6943300
6943579
6944292
6949311
6949346
6950099
6950476
6950508
6950886
6951148
6951239
6952848
6955522
6955838
6955840
6957873
6958237
6958360
6959666
6959751
6962187
6962709
6964237
6964498
6964581
6964672
6964783
6967385
6968215
6970142
6970257
6971779
6972528
6973656
6974863
6974880
6976386
6977404
6980495
6980617
6981300
6981615
6982415
6984454
6984781
6984828
6985450
6986416
6989120
6989470
6994523
6994650
6994675
6994690
6994691
6996469
6996517
6996523
6997937
6998500
7000866
7001501
7002006
7002692
7003161
7003254
7007052
7009511
7009802
7011313
7011324
7017794
7030396
7033774
7033924
7035081
7036386
7039145
7039380
7040284
7042040
7045127
7046536
7046815
7047581
7048984
7056595
7061385
7062378
7066740
7077200
7077307
7077471
7083361
7083581
7083818
7084977
7087631
7087634
7088512
7089608
7089943
7095841
7097484
7097493
7100914
7100915
7101135
7103418
7103563
7103598
7106417
7106803
7117861
7118412
7119657
7119835
7120154
7123787
7123982
7128521
7128780
7144078
7147216
7147267
7147495
7148163
7149008
7149256
7149283
7152925
7154208
7154217
7155616
7165699
7165975
7166286
7169872
7169892
7171505
7171521
7171538
7174271
7180365
7187392
7187435
7187522
7191326
7191380
7195104
7195942
7197685
7198686
7199621
7199622
7199650
7205356
7206556
7207383
7214655
7216610
7218715
7218967
7219896
7221191
7221370
7221443
7221522
7221769
7222353
7224323
7224355
7226974
7230863
7231136
7233524
7234012
7234357
7234801
7234903
7235007
7236865
7236895
7236900
7241004
7243897
7244797
7246216
7247038
7251016
7251041
7251262
7252517
7252987
7253939
7262654
7263302
7265759
7269980
7270087
7277504
7278315
7278317
7280326
7280440
7284919
7287920
7291134
7291139
7291754
7293891
7294898
7294995
7298009
7298137
7299499
7300093
7301188
7301858
7302185
7303635
7304865
7308160
7310705
7312220
7314309
7314495
7314539
7315660
7315670
7318542
7319521
7319950
7320082
7322756
7324625
7331020
7331499
7334237
7337225
7339510
7341737
7342155
7344548
7345195
7348261
7348295
7348421
7351719
7353114
7357336
7361543
7361550
7364611
7367668
7390092
7393133
7394011
7394055
7394148
7403132
7405374
7409025
7409032
7413084
7414127
7414165
7415936
7417011
7419007
7421669
7423621
7423626
7423679
7424088
7425531
7426047
7426384
7426676
7429373
7430296
7430593
7432023
7437123
7437720
7442866
7447996
7448825
7450675
7455442
7456572
7459913
7464139
7469669
7476131
7476582
7477605
7483178
7485828
7489722
7490428
7490440
7490449
7496397
7500558
7502835
7504270
7505109
7505585
7507872
7509170
7509604
7514234
7516002
7516936
7516939
7519879
7520869
7522204
7525278
7525279
7525908
7528948
7530993
7534586
7534867
7535111
7535131
7538952
7546815
7550320
7550495
7550503
7550641
7552664
7554275
7554333
7555448
7555462
7560586
7563869
7563969
7565980
7566507
7567646
7568877
7570196
7570671
7572119
7574453
7574492
7575395
7575510
7575871
7578542
7578545
7578646
7579661
7580127
7580147
7581246
7581282
7583205
7583217
7583678
7583773
7584842
7585005
7585054
7587331
7589741
7591765
7592902
7593183
7600557
7601427
7603804
7610043
7610394
7610854
7613415
7615698
7622293
7624638
7624797
7626222
7628845
7633409
7643608
7645418
7647789
7648710
7648785
7649194
7649288
7652715
7655265
7655266
7655453
7655567
7655849
7656539
7657525
7660925
7661421
7661520
7663882
7664016
7665024
7666998
7667159
7669295
7669519
7670366
7670828
7670930
7672691
7675969
7677016
7677087
7677225
7677322
7679432
7682543
7682550
7684123
7684819
7686841
7686848
7686851
7686973
7687799
7687896
7688616
7688843
7688879
7688881
7688887
7689112
7689775
7690473
7690478
7691155
7691425
7691428
7691616
7693475
7694515
7696980
7697116
7697805
7698418
7698574
7699455
7699736
7699740
7700054
7705282
7706872
7707791
7707878
7707972
7708928
7709045
7709315
7709529
7710440
7710449
7710926
7710961
7712351
7714090
7717078
7722973
7722982
7723862
7730764
7744340
7746540
7749087
7749296
7762075
7762400
7763425
7763547
7763608
7764784
7772662
7774462
7775186
7778107
7778308
7778309
7780047
7781458
7786886
7786894
7792943
7792948
7801582
7801717
7801724
7801732
7803827
7804240
7805031
7805036
7809521
7812574
7816254
7816747
7821190
7823731
7826075
7828886
7829135
7829181
7829721
7831464
7831615
7835299
7835395
7841597
7841609
7842399
7844368
7850098
7855461
7857974
7858271
7866336
7866844
7876317
7879010
7880891
7882745
7883392
7884045
7884151
7884163
7884805
7884940
7885049
7885161
7885513
7885682
7888279
7889393
7889569
7894081
7894182
7895823
7898512
7899938
7905033
7914929
7921993
7934066
7935549
7943573
7945131
7945143
7947014
7947399
7947420
7947433
7947819
7951069
7951297
7952181
7953449
7953526
7953830
7956614
7956860
7956862
7957569
7962753
7963099
7963134
7963331
7964454
7966654
7966841
7969394
7970450
7973470
7975468
7981263
7981561
7981874
7982924
7985467
7987600
7988642
7989535
7997214
7997610
8005475
8015361
8015980
8027456
8032942
8033216
8033498
8034308
8034320
8036696
8036713
8039507
8039747
8039857
8042133
8042170
8043123
8043125
8043129
8043625
8043631
8044789
8046973
8047534
8047733
8053491
8057768
8058406
8059654
8059691
8061351
8061460
8065329
8069032
8072684
8074977
8074982
8075766
8076881
8079264
8083122
8083155
8083746
8083929
8084074
8084630
8086817
8090502
8090701
8091095
8091714
8092891
8093053
8093172
8093288
8093994
8094231
8096704
8096742
8097437
8097561
8099786
8100588
8102310
8102313
8102523
8102917
8105604
8106737
8107933
8108748
8113109
8114996
8115597
8115600
8115652
8115731
8122641
8123948
8124028
8126409
8134764
8134768
8134911
8135579
8135878
8135960
8136026
8136076
8136819
8137863
8139839
8145158
8150524
8155537
8155612
8157438
8159585
8160122
8160283
8160501
8160503
8160992
8161317
8164085
8164292
8165673
8166769
8170104
8170536
8170660
8173074
8174374
8176826
8177252
8177326
8177418
8179211
8179330
8183393
8187791
8189242
8189524
8189749
8189851
8190085
8190641
8190720
8190849
8191043
8191280
8196801
8198664
8199317
8199366
8199430
8199516
8201288
8204097
8208428
8208431
8208897
8217080
8224257
8224519
8224557
8225736
8230580
8230585
8230817
8232682
8235667
8238913
8239060
8239066
8240683
8241447
8242681
8247792
8249118
8251886
8255165
8256347
8258059
8262692
8264952
8265317
8265332
8266165
8266374
8270044
8271095
8275421
8275899
8275905
8279162
8279435
8279536
8294057
8296357
8297255
8301923
8302480
8303095
8304565
8306770
8306984
8308209
8308292
8308295
8308347
8313045
8318603
8318900
8318911
8319434
8319966
8320131
8321911
8322150
8326343
8333760
8343373
8343985
8344010
8345031
8345724
8345883
8346514
8347437
8347726
8347908
8348314
8348830
8349295
8351134
8352638
8356786
8357018
8357496
8358093
8368584
8371166
8375385
8375758
8376516
8381288
8381448
8388672
8391665
8392318
8400306
8401061
8402289
8410927
8410935
8411305
8413478
8413486
8415209
8418504
8418877
8419377
8419420
8419544
8420785
8425511
8427423
8428149
8431976
8439242
8439605
8439640
8439776
8440338
8440850
8440852
8441224
8441312
8441319
8441885
8443741
8447057
8447419
8449337
8449552
8452163
8453632
8458507
8458648
8463650
8465543
8466806
8466939
8467247
8467767
8468175
8469031
8469183
8471042
8471069
8471197
8471301
8471436
8471622
8472222
8472453
8473082
8473160
8473398
8474625
8477205
8477946
8479054
8480735
8484724
8486884
8486949
8487063
8487097
8489470
8489479
8490470
8493731
8494837
8499665
8499701
8500478
8500528
8502499
8503004
8503073
8503304
8503567
8508456
8508687
8509285
8510708
8510712
8511564
8512360
8513264
8513472
8513816
8513817
8513960
8514986
8516419
8516980
8517530
8519032
8519074
8519749
8519892
8519989
8520000
8520033
852063
8522843
8523267
852353
852354
8524018
8524218
8529271
8529650
8529795
8533201
8533447
8533792
8533924
8534100
8534600
8534969
8537351
8538227
8539270
8539452
8540404
8540415
854173
8541990
854252
854254
8543753
8544602
8544648
8544676
8545739
854574
8546032
854658
8546655
854671
8546760
854755
854761
854836
854931
854953
854964
8550541
855214
8552251
8552282
8552298
8552305
8552772
855278
855393
855427
855480
855510
855588
855603
8557917
855880
855922
856018
856028
856056
856058
856320
856336
8566384
856657
856900
856914
856940
857015
857089
857174
8571780
8572413
8574302
8574557
8574566
8576643
8576687
8605246
8612570
8617053
8617288
8617390
8620895
8621686
8626648
8628078
8629213
8629686
8630308
8632452
8636840
8641507
8643577
8644210
8645982
8647552
8651910
8654967
8655272
8663621
8665296
8665975
8667843
8670642
8674338
8674342
8674910
8674921
8678522
8680227
8684255
8686093
8688464
8691671
8693749
8696922
8708792
8710900
8712727
8713249
8713948
8716434
8716575
8720445
8720672
8724368
8725800
8725801
8725952
8730562
8735692
8738390
8738593
8745391
8746673
8746763
8746889
8747454
8749113
8756626
8757820
8760516
8762890
8767143
8774728
8774742
8774845
8774852
8775875
8777928
8779743
8779767
8779928
8779938
8779993
8781632
8783028
8783308
8783443
8783502
8783964
8792835
8795483
8798419
8807245
8810574
8811084
8811210
8813224
8814975
8817644
8817715
8818546
8826945
8829011
8832126
8834374
8836202
8844951
8845151
8845154
8845155
8846153
8847405
8847937
8847989
8849237
8852422
8852653
8855044
8859338
8865205
8865243
8865605
8865763
8869642
8870078
8873013
8873048
8879944
8887665
8889180
8891109
8891110
8891862
8899783
8901978
8902351
8902377
8902485
8907202
8907612
8909728
8912759
8918112
8918125
8921005
8921157
8921295
8921465
8922042
8922353
8922382
8924232
8924523
8924816
8926087
8926179
8927246
8927325
8927756
8927962
8928124
8928241
8928532
8935541
8938121
8939276
8939696
8940041
8942756
8943006
8943391
8943606
8943613
8943775
8944325
8946003
8948147
8955661
8955867
8956072
8956283
8957329
8960281
8960563
8961646
8963622
8964459
8964934
8965254
8968542
8971056
8971838
8973604
8979188
8979467
8981754
8981829
8984633
8987024
8987074
8988862
8990922
8992506
8992560
8992907
8993463
8995169
8995327
8995553
8995556
9003383
9003532
9004549
9006145
9007929
9010511
9010870
9011552
9016036
9016077
9019031
9020882
9021808
9021882
9030920
9032164
9041397
9050081
9057179
9058186
9063409
9065086
9065120
9068474
9068519
9071012
9077866
9081416
9087247
9087280
9087290
9088980
9089145
9093674
9100845
9101557
9120318
9120874
9120965
9121272
9121273
9121385
9130083
9144898
9146900
9149097
9169677
9178615
9193611
9197971
9198423
9207983
9210349
9213016
9215110
9215258
9215312
9218272
9218280
9229232
9240775
9240781
9241590
9241594
9243459
9243461
9244232
9248379
9249722
9251423
9252216
9255205
9255229
9272021
9272707
9289796
9296931
9303852
9305500
9318309
9319576
9323770
9335882
9341647
9343130
9352665
9352768
9352773
9352802
9352915
9353899
9354031
9354226
9361570
9362315
9362359
9364052
9364260
9364311
9365136
9365188
9365671
9367135
9373590
9389094
9401799
9427708
9431131
9431497
9431585
9431862
9432907
9441425
9443235
9445921
9445927
9447633
9464307
9465169
9466130
9466218
9467035
9467423
9477618
9479755
9479929
9480802
9492063
9500295
9501827
9502510
9502997
9511654
9512078
9517708
9517845
9518363
9519133
9544409
9544717
9553840
9558084
9564200
9568971
9586240
9586241
9586580
9586586
9586589
9586590
9586593
9592343
9607097
9616095
9616588
9640624
9640963
9643297
9644723
9648794
9652664
9652884
9653070
9655670
9658683
9666936
9667673
9682891
9683433
9683721
9694295
9697925
9698142
9698791
9699837
9699994
9700084
9700284
9701851
9707080
9715182
9721847
9722164
9722399
9724309
9724322
9724443
9725615
9728502
9731959
9733921
9733942
9734052
9736345
9736359
9737045
9737858
9737884
9738093
9744652
9755879
9756049
9756921
9759850
9784937
9785494
9788280
9789832
9797567
9801506
9808505
9808526
9808562
9811819
9814056
9814164
9817711
9818071
9822327
9823121
9831695
9831848
9833856
9837842
9839883
9848774
9851008
9851014
9853020
9860497
9861972
9862733
9871027
9872592
9876051
9892938
9898282
9908059
9908700
9909861
992595
9935078
9943170
9943213
9943928
9943937
9943943
9944249
9947020
9951731
9953120
9953349
9953668
9954161
9954994
9956205
9957675
9958178
9961929
9968431
9974884
9985813
